"building" "area" "month" "elec_Wh_per_m2" "heat_Wh_per_m2" "cluster"
1 7954 1 11.6 24.3 2
1 7954 2 10.8 22.9 2
1 7954 3 10.5 24.4 2
1 7954 4 9.2 14.8 2
1 7954 5 9.6 4.8 2
1 7954 6 9.7 1.6 2
1 7954 7 9.2 1.4 2
1 7954 8 9.6 1.7 2
1 7954 9 10 5.7 2
1 7954 10 10.8 11.6 2
1 7954 11 10.6 14 2
2 12240 1 42.2 77.5 1
2 12240 2 43 65.4 1
2 12240 3 42.3 73.2 1
2 12240 4 40.7 48.5 1
2 12240 5 40.7 17.1 1
2 12240 6 42.5 5.7 1
2 12240 7 40.7 4.4 1
2 12240 8 42.8 6.6 1
2 12240 9 42.2 20.5 1
2 12240 10 42.9 37.9 1
2 12240 11 43.5 46.9 1
3 5868 1 14.9 48.7 3
3 5868 2 0.1 36.2 2
4 15467 1 7.6 16.4 2
4 15467 2 5.4 14.3 2
4 15467 3 5.7 15 2
4 15467 4 5.6 9 2
4 15467 5 5.5 3 2
4 15467 6 5.4 0.9 2
4 15467 7 3.6 0.7 2
4 15467 8 6.1 0.8 2
4 15467 9 6 3.1 2
4 15467 10 5.8 6.9 2
4 15467 11 5.4 9.1 2
5 3358 1 4.2 14.9 2
5 3358 2 4.3 12 2
5 3358 3 4.3 15 2
5 3358 4 4.3 8.9 2
5 3358 5 4.6 2.8 2
5 3358 6 5 0.9 2
5 3358 7 5.1 1 2
5 3358 8 5.2 1.9 2
5 3358 9 4.8 4.4 2
5 3358 10 4.6 7.9 2
5 3358 11 4.4 9.9 2
6 3268 1 14.8 37.3 3
6 3268 2 16.2 31.5 3
6 3268 3 14.9 34.3 3
6 3268 4 14.4 21.8 3
6 3268 5 15.4 8.8 3
6 3268 6 15.4 2.2 2
6 3268 7 13.1 2 2
6 3268 8 15.7 3.6 3
6 3268 9 13.8 5.5 2
6 3268 10 13 14.7 2
6 3268 11 14.1 19 3
7 6967 1 11.2 30.5 3
7 6967 2 11.3 25.2 2
7 6967 3 10.5 28.5 2
7 6967 4 10.4 18.4 2
7 6967 5 10.5 9.4 2
7 6967 6 11.3 4.2 2
7 6967 7 9.7 3.1 2
7 6967 8 11.5 4 2
7 6967 9 10.8 7.3 2
7 6967 10 10.8 14.3 2
7 6967 11 10.4 18.1 2
8 1019 1 14.3 32.1 3
8 1019 2 15.3 26.4 3
8 1019 3 13.4 28.3 3
8 1019 4 13 18.4 2
8 1019 5 12.6 6.3 2
8 1019 6 12.7 2.1 2
8 1019 7 13.1 1.8 2
8 1019 8 14.5 2 2
8 1019 9 13.9 6.6 2
8 1019 10 15.1 14.6 3
8 1019 11 15.6 18.6 3
9 7272 1 34.7 52.9 1
9 7272 2 35.7 44.7 1
9 7272 3 34.9 50.5 1
9 7272 4 36 29.8 1
9 7272 5 37.3 8 1
9 7272 6 39.6 2.5 1
9 7272 7 39.8 1.9 1
9 7272 8 41.3 2.7 1
9 7272 9 40.6 8.9 1
9 7272 10 38.7 19.7 1
9 7272 11 36.5 26.5 1
10 3640 1 15.5 29 3
10 3640 2 16.7 26.8 3
10 3640 3 15.4 25.5 3
10 3640 4 14 15.4 3
10 3640 5 14.9 4.2 2
10 3640 6 17.3 1.9 3
10 3640 7 15.6 1.5 2
10 3640 8 16.9 1.9 3
10 3640 9 14.9 5 2
10 3640 10 14.7 11.2 3
10 3640 11 15 16 3
11 3034 1 9.7 18 2
11 3034 2 9.2 14.4 2
11 3034 3 9.9 16.4 2
11 3034 4 10.8 10.2 2
11 3034 5 10.2 3 2
11 3034 6 10.3 1.2 2
11 3034 7 9.3 1.2 2
11 3034 8 10.6 1.5 2
11 3034 9 11.5 6.6 2
11 3034 10 12.1 7.6 2
11 3034 11 11.4 10.2 2
12 14470 1 23.4 38.6 3
12 14470 2 23.8 32.4 3
12 14470 3 23 37.9 3
12 14470 4 23.5 23.2 3
12 14470 5 23.9 7.3 3
12 14470 6 24.2 2.6 3
12 14470 7 23.6 2.2 3
12 14470 8 24.3 3 3
12 14470 9 25 8.5 3
12 14470 10 25.7 17.1 3
12 14470 11 25.5 23.5 3
13 3770 1 18.6 19.8 3
13 3770 2 19.2 15.5 3
13 3770 3 18.7 18 3
13 3770 4 18.8 12.5 3
13 3770 5 21.7 2.9 3
13 3770 6 20.7 1.2 3
13 3770 7 17.8 1.1 3
13 3770 8 17.9 2.2 3
13 3770 9 16.7 4.6 3
13 3770 10 16.5 9.8 3
13 3770 11 15.2 12.2 3
14 12447 1 5.6 17.7 2
14 12447 2 5.7 15 2
14 12447 3 5.5 16.4 2
14 12447 4 6.6 9 2
14 12447 5 6.8 2.2 2
14 12447 6 7 1 2
14 12447 7 6.8 0.8 2
14 12447 8 6.9 1.2 2
14 12447 9 6.9 4.6 2
14 12447 10 6.5 11.8 2
14 12447 11 5.8 14.1 2
15 7380 1 19 79.2 4
15 7380 2 20.9 69.2 4
15 7380 3 19.6 73.4 4
15 7380 4 20.5 48.7 3
15 7380 5 19.7 14 3
15 7380 6 18.5 3.4 3
15 7380 7 16.9 2.8 3
15 7380 8 18.4 3.5 3
15 7380 9 20 14.1 3
15 7380 10 20.2 33.9 3
15 7380 11 19.9 45 3
16 1287 1 19.2 173.9 4
16 1287 2 19.3 163.1 4
16 1287 3 17.7 184.1 4
16 1287 4 18.2 112.5 4
16 1287 5 17.5 31.5 3
16 1287 6 12.4 2.9 2
16 1287 7 12.8 2.4 2
16 1287 8 13.5 3.9 2
16 1287 9 17.3 21.6 3
16 1287 10 21 54.4 3
16 1287 11 23.5 77.3 4
18 11068 1 5.5 28.4 2
18 11068 2 5.8 25.3 2
18 11068 3 5.5 25.4 2
18 11068 4 5.4 16.4 2
18 11068 5 5.5 5.6 2
18 11068 6 5.8 2.3 2
18 11068 7 5.7 1.9 2
18 11068 8 5.9 2.4 2
18 11068 9 10.1 6.2 2
18 11068 10 5.8 13.6 2
18 11068 11 5.8 17.1 2
19 41339 1 1.4 12.4 2
19 41339 4 6 7.5 2
19 41339 5 7.6 3 2
19 41339 6 7.3 1.4 2
19 41339 7 7.1 1.2 2
19 41339 8 7.1 1.3 2
19 41339 9 13.3 3.1 2
19 41339 10 7.5 6.2 2
19 41339 11 6.9 7.2 2
20 2661 1 17 67.2 4
20 2661 2 21.5 59.4 3
20 2661 3 21.7 65 4
20 2661 4 20.9 43.1 3
20 2661 5 19.3 15.1 3
20 2661 6 18.3 6.4 3
20 2661 7 13.2 5.7 2
20 2661 8 19.4 6.8 3
20 2661 9 18.1 16.2 3
20 2661 10 22.4 33 3
20 2661 11 21.7 41.1 3
21 8206 1 10.7 26.8 2
21 8206 2 10.9 22.2 2
21 8206 3 10.4 25.8 2
21 8206 4 11.2 14.2 2
21 8206 5 11.6 4.6 2
21 8206 6 11.8 1.7 2
21 8206 7 11.8 1.8 2
21 8206 8 11.6 1.8 2
21 8206 9 11 4.9 2
21 8206 10 11.4 12.5 2
21 8206 11 11 15 2
